000012
000026
000034
000036
000044
000047
000064
000077
000078
000091
000112
000122
000134
000140
000141
000147
000153
000154
000161
000162
000189
000198
000207
000209
000219
000225
000228
000235
000242
000262
000263
000278
000294
000296
000306
000307
000311
000312
000320
000325
000331
000334
000344
000347
000349
000355
000370
000379
000387
000391
000395
000400
000404
000416
000430
000431
000450
000454
000469
000474
000484
000489
000496
000503
000508
000519
000522
000537
000544
000550
000552
000565
000577
000590
000592
000605
000609
000620
000622
000632
000633
000635
000657
000671
000672
000685
000689
000699
000700
000710
000711
000729
000740
000754
000761
000764
000767
000774
000796
000818
000820
000823
000827
000845
000849
000850
000867
000871
000887
000888
000889
000899
000900
000908
000912
000919
000929
000936
000950
000951
000954
000958
000962
000964
000965
000977
000980
000989
000993
000997
001002
001008
001010
001014
001015
001043
001068
001077
001078
001082
001106
001112
001127
001130
001156
001158
001172
001174
001182
001191
001194
001204
001205
001207
001209
001214
001226
001230
001287
001580
001627
001945
001999
002194
002564
002881
003147
003247
003259
003270
003284
003355
003412
003433
003466
003575
003585
003662
003699
003740
003860
003932
004012
004092
004111
004133
004201
004232
004292
004339
004389
004404
004517
004622
004631
004693
004694
004779
004898
004990
005057
005129
005245
005310
005336
005405
005413
005414
005450
005508
005527
005563
005585
005636
005695
005731
005764
005784
005796
005814
005873
005971
005984
006104
006130
006158
006236
006272
006285
006352
006395
006442
006503
006637
006707
006727
006777
006824
006833
006858
006950
006983
007016
007040
007045
007080
007093
007129
007138
007159
007214
007256
007298
007336
007413
007446
007526
007558
007606
007611
007619
007683
007718
007735
007821
007877
007884
007910
007915
007940
008008
008019
008042
008053
008130
008163
008211
008253
008272
008312
008313
008385
008452
008453
008467
008559
008628
008690
008731
008744
008768
008879
008920
008979
009020
009036
009153
009208
009230
009290
009306
009318
009342
009377
009424
009520
009579
009600
009614
009659
009668
009721
009755
009813
009828
009874
009926
009944
